   7.8000000000000009E-004
   4.3099999999999996E-004
   4.0700000000000024E-004
   3.7199999999999993E-004
   3.2700000000000003E-004
   3.2299999999999994E-004
   3.3299999999999996E-004
   3.2799999999999930E-004
   3.2699999999999917E-004
   3.2500000000000064E-004
   3.2800000000000017E-004
   3.2999999999999956E-004
   3.2800000000000017E-004
   3.3000000000000043E-004
   3.3899999999999989E-004
   3.2800000000000017E-004
   3.3200000000000070E-004
   3.3000000000000043E-004
   3.4099999999999929E-004
   3.3899999999999902E-004
   3.2999999999999870E-004
   3.3400000000000096E-004
   3.3099999999999970E-004
   3.2800000000000017E-004
   3.2999999999999870E-004
   3.3899999999999902E-004
   3.8999999999999972E-004
   3.4600000000000082E-004
   3.2999999999999870E-004
   3.2999999999999870E-004
   3.3000000000000043E-004
   3.3199999999999896E-004
   3.2899999999999943E-004
   3.2899999999999943E-004
   3.3099999999999970E-004
   3.3099999999999970E-004
   3.5699999999999968E-004
   3.2999999999999870E-004
   3.3100000000000143E-004
   3.2900000000000290E-004
   3.2999999999999696E-004
   3.3199999999999896E-004
   3.2899999999999943E-004
   3.3000000000000043E-004
   3.3100000000000143E-004
   3.3000000000000043E-004
   3.3199999999999896E-004
   3.3799999999999802E-004
   3.3499999999999849E-004
   3.3000000000000043E-004
   3.3199999999999896E-004
   3.3400000000000096E-004
   3.3099999999999796E-004
   3.3199999999999896E-004
   3.2899999999999943E-004
   3.2599999999999990E-004
   3.3299999999999996E-004
   3.2899999999999943E-004
   3.3499999999999849E-004
   3.3099999999999796E-004
   3.2700000000000090E-004
   3.4600000000000256E-004
   3.3599999999999949E-004
   3.2700000000000090E-004
   3.2700000000000090E-004
   3.2799999999999843E-004
   3.4400000000000056E-004
   3.3700000000000049E-004
   3.2800000000000190E-004
   3.4000000000000002E-004
   3.3299999999999996E-004
   3.3000000000000043E-004
   3.3399999999999749E-004
   3.2599999999999990E-004
   3.2700000000000090E-004
   3.2699999999999743E-004
   3.3100000000000143E-004
   3.2800000000000190E-004
   3.2599999999999990E-004
   3.2599999999999990E-004
   3.3299999999999996E-004
   3.3199999999999896E-004
   3.2799999999999496E-004
   3.2599999999999990E-004
   3.2700000000000090E-004
   3.2599999999999990E-004
   3.3500000000000196E-004
   3.2900000000000290E-004
   3.3099999999999796E-004
   3.2600000000000684E-004
   3.2599999999999990E-004
   3.3199999999999896E-004
   3.4299999999999609E-004
   3.2800000000000190E-004
   3.2599999999999990E-004
   3.2800000000000190E-004
   3.3099999999999796E-004
   3.2899999999999596E-004
   3.2800000000000190E-004
   3.3299999999999996E-004
   3.2800000000000190E-004
