   1.9593999999999997E-002
   1.7306000000000002E-002
   1.6732000000000004E-002
   1.6482000000000004E-002
   1.6680000000000000E-002
   1.6839999999999994E-002
   1.6313999999999995E-002
   1.6516000000000003E-002
   1.6461000000000003E-002
   1.6620999999999997E-002
   1.6438999999999981E-002
   1.6835999999999990E-002
   1.6477999999999993E-002
   1.6599000000000003E-002
   1.6685000000000005E-002
   1.6511999999999971E-002
   1.6350000000000031E-002
   1.6801999999999984E-002
   1.6446999999999989E-002
   1.6336999999999990E-002
   1.6678999999999999E-002
   1.6589000000000020E-002
   1.6876999999999975E-002
   1.7250000000000043E-002
   1.6467000000000009E-002
   1.6436000000000006E-002
   1.6602999999999979E-002
   1.6751999999999989E-002
   1.6354000000000035E-002
   1.6864000000000046E-002
   1.7129999999999979E-002
   1.9526000000000043E-002
   2.7228999999999948E-002
   2.0979999999999999E-002
   1.6908000000000034E-002
   1.6744999999999899E-002
   2.1353000000000066E-002
   1.6868999999999912E-002
   1.9180999999999893E-002
   1.6534999999999966E-002
   1.6408000000000089E-002
   1.6350999999999893E-002
   1.6566999999999998E-002
   1.6715999999999953E-002
   1.6383000000000036E-002
   1.6450000000000076E-002
   1.6363000000000016E-002
   1.6396999999999995E-002
   1.6479000000000021E-002
   1.6533999999999938E-002
   1.6451999999999911E-002
   1.6441000000000039E-002
   1.6743000000000063E-002
   1.6342000000000079E-002
   1.6384999999999983E-002
   1.6672999999999938E-002
   1.6827999999999954E-002
   1.6484999999999972E-002
   1.6702000000000106E-002
   1.6343999999999914E-002
   1.6405999999999921E-002
   1.6739999999999977E-002
   1.6414000000000151E-002
   1.6407000000000060E-002
   1.6634999999999955E-002
   1.6615000000000046E-002
   1.6437000000000035E-002
   1.6710999999999920E-002
   1.6541999999999835E-002
   1.6380000000000061E-002
   1.6700000000000159E-002
   1.7622999999999944E-002
   1.7817999999999889E-002
   1.7654999999999976E-002
   1.8020999999999843E-002
   1.7770000000000064E-002
   1.7937000000000092E-002
   1.7047000000000034E-002
   1.6429000000000027E-002
   1.6610999999999931E-002
   1.6437999999999953E-002
   1.7033000000000076E-002
   1.7658999999999869E-002
   1.7253000000000185E-002
   1.7411000000000065E-002
   1.8529000000000018E-002
   1.7741000000000007E-002
   1.7630000000000035E-002
   1.8183999999999978E-002
   1.7763999999999891E-002
   1.7926000000000109E-002
   1.7740000000000089E-002
   1.8224999999999714E-002
   1.8896000000000024E-002
   1.9935000000000036E-002
   1.9499999999999851E-002
   1.9905000000000062E-002
   2.1672999999999831E-002
   1.9710000000000116E-002
   1.9063000000000052E-002
   2.2564999999999946E-002
