   1.6899999999999988E-004
   3.0999999999999995E-005
   1.8000000000000004E-005
   1.7000000000000088E-005
   1.7000000000000088E-005
   1.7000000000000088E-005
   1.7000000000000088E-005
   1.7000000000000088E-005
   1.7000000000000088E-005
   1.7000000000000088E-005
   1.8000000000000004E-005
   1.7000000000000088E-005
   1.6999999999999871E-005
   2.3000000000000017E-005
   1.7000000000000088E-005
   2.3000000000000017E-005
   1.5999999999999955E-005
   1.7000000000000088E-005
   1.6999999999999654E-005
   1.6000000000000389E-005
   1.5999999999999955E-005
   2.7000000000000114E-005
   1.8000000000000221E-005
   1.7000000000000088E-005
   1.7000000000000088E-005
   1.7000000000000088E-005
   1.7000000000000088E-005
   1.5999999999999955E-005
   1.7000000000000088E-005
   2.5999999999999981E-005
   1.2000000000000292E-005
   1.1999999999999858E-005
   1.1999999999999858E-005
   1.0999999999999725E-005
   1.2000000000000292E-005
   1.1000000000000159E-005
