  0.12453199999999998     
  0.11274600000000001     
  0.11271600000000001     
  0.11356099999999997     
  0.11373799999999995     
  0.11893999999999993     
  0.11402899999999994     
  0.11380000000000001     
  0.11592400000000003     
  0.11337100000000011     
  0.11364700000000005     
  0.11460399999999993     
  0.11303099999999988     
  0.11290599999999995     
  0.11332499999999990     
  0.11364999999999981     
  0.11404400000000003     
  0.11852700000000005     
  0.11461999999999994     
  0.11435299999999993     
  0.11321600000000043     
  0.11336000000000013     
  0.11412000000000022     
  0.11430399999999974     
  0.11575699999999989     
  0.11610799999999966     
  0.11511300000000002     
  0.11425200000000002     
  0.11335000000000006     
  0.11366700000000041     
  0.11459699999999984     
  0.11382799999999982     
  0.11601600000000012     
  0.11386099999999999     
  0.11471800000000076     
  0.11701199999999989     
