  0.12656100000000001     
  0.11294599999999999     
  0.11342599999999997     
  0.11523000000000000     
  0.15400100000000005     
  0.13981800000000000     
  0.11649500000000002     
  0.11376599999999992     
  0.11315199999999992     
  0.11386000000000007     
  0.11429500000000004     
  0.11344399999999988     
  0.11340200000000022     
  0.11475199999999997     
  0.11748200000000009     
  0.11392599999999997     
  0.11374200000000023     
  0.11386300000000027     
  0.11319700000000044     
  0.11334200000000028     
  0.11282000000000014     
  0.11310500000000001     
  0.11390100000000025     
  0.11669300000000016     
  0.11405300000000018     
  0.11297099999999993     
  0.11361799999999977     
  0.11369199999999990     
  0.11313700000000004     
  0.11451300000000009     
  0.11509799999999970     
  0.11427899999999980     
  0.11269300000000015     
  0.11446400000000034     
  0.11459400000000031     
  0.11435900000000032     
  0.11313300000000037     
  0.11384399999999939     
  0.11388399999999965     
  0.11482400000000048     
  0.11260199999999987     
  0.11391200000000001     
  0.11431700000000067     
  0.11334000000000000     
  0.11347599999999947     
  0.11340199999999978     
  0.11363099999999982     
  0.11425299999999972     
  0.12086399999999919     
  0.11533499999999997     
  0.11442399999999964     
  0.11442700000000006     
  0.11354900000000079     
  0.11331099999999950     
  0.11285699999999999     
  0.11238599999999987     
  0.11274199999999990     
  0.11348299999999956     
  0.11350699999999936     
  0.11799599999999977     
  0.11415899999999990     
  0.11391700000000071     
  0.11377800000000082     
  0.11324500000000004     
  0.11287000000000003     
  0.11414899999999939     
  0.11492199999999997     
  0.11462900000000076     
  0.11548899999999929     
  0.11440399999999862     
  0.11342400000000019     
  0.11333800000000060     
  0.11228199999999866     
  0.11278400000000133     
  0.11384299999999925     
  0.11249100000000034     
  0.11317599999999928     
  0.11283199999999916     
  0.11278300000000030     
  0.11390899999999959     
  0.11258300000000077     
  0.11256500000000003     
  0.11274799999999985     
  0.11307500000000026     
  0.11359099999999955     
  0.11324100000000037     
  0.11783400000000022     
  0.11323100000000075     
  0.11270399999999903     
  0.11340499999999842     
  0.11375499999999938     
  0.11525699999999972     
  0.11248699999999978     
  0.11541800000000002     
  0.11430799999999941     
  0.11432000000000109     
  0.11371200000000137     
  0.11327200000000026     
  0.11321599999999954     
  0.11368199999999895     
  0.11305199999999971     
