   1.6899999999999988E-004
   1.1999999999999858E-005
   5.0000000000000131E-006
   3.9999999999998804E-006
   3.0000000000001813E-006
   3.9999999999998804E-006
   4.0000000000000972E-006
   2.9999999999999645E-006
   2.9999999999999645E-006
   2.9999999999999645E-006
   2.9999999999999645E-006
   2.9999999999999645E-006
   2.9999999999999645E-006
   4.0000000000000972E-006
   3.9999999999998804E-006
   4.0000000000000972E-006
   3.9999999999998804E-006
   2.9999999999999645E-006
   2.9999999999999645E-006
   2.9999999999999645E-006
   3.9999999999998804E-006
   2.9999999999999645E-006
   2.9999999999999645E-006
   5.0000000000000131E-006
   4.0000000000000972E-006
   3.9999999999998804E-006
   4.0000000000000972E-006
   3.9999999999998804E-006
   4.0000000000000972E-006
   3.9999999999998804E-006
   3.9999999999996635E-006
   4.0000000000000972E-006
   4.0000000000000972E-006
   4.0000000000000972E-006
   3.9999999999996635E-006
   3.0000000000003982E-006
