   1.9313000000000000E-002
   1.6813999999999999E-002
   1.8569000000000002E-002
   2.7132000000000003E-002
   2.3952000000000001E-002
   1.6823999999999992E-002
   2.0089999999999983E-002
   2.0785999999999999E-002
   1.6334999999999988E-002
   1.6317999999999999E-002
   1.6435000000000005E-002
   1.6419999999999990E-002
   1.6339999999999993E-002
   1.6704999999999998E-002
   2.1768999999999983E-002
   1.6645999999999994E-002
   1.6471000000000013E-002
   1.6589000000000020E-002
   1.6687000000000007E-002
   1.6486999999999974E-002
   1.6512000000000027E-002
   1.6496000000000011E-002
   1.6414000000000040E-002
   1.6511999999999971E-002
   1.6531000000000018E-002
   1.6588999999999965E-002
   1.6602000000000006E-002
   1.6403000000000001E-002
   1.6405000000000003E-002
   1.6396000000000077E-002
   1.6527999999999987E-002
   1.6372999999999971E-002
   1.6390000000000016E-002
   1.6340999999999939E-002
   1.6430999999999973E-002
   1.6476999999999964E-002
