   3.3439999999999998E-003
   2.6239999999999996E-003
   2.6049999999999988E-003
   2.5970000000000003E-003
   2.5999999999999999E-003
   2.6200000000000008E-003
   2.5860000000000015E-003
   2.5900000000000020E-003
   2.6160000000000003E-003
   2.5880000000000000E-003
   2.6019999999999967E-003
   2.6039999999999952E-003
   2.5929999999999981E-003
   2.6050000000000031E-003
   2.6310000000000014E-003
   2.6160000000000003E-003
   2.6100000000000012E-003
   2.9519999999999963E-003
   2.6090000000000002E-003
   2.6249999999999954E-003
   2.6020000000000001E-003
   2.6209999999999983E-003
   2.6270000000000043E-003
   2.6250000000000023E-003
   2.6199999999999973E-003
   2.6290000000000063E-003
   2.6100000000000012E-003
   2.6019999999999932E-003
   2.6530000000000026E-003
   2.6919999999999999E-003
   2.6100000000000012E-003
   2.5990000000000041E-003
   2.6409999999999906E-003
   2.6019999999999932E-003
   2.6169999999999943E-003
   2.6159999999999933E-003
   2.8289999999999982E-003
   2.6159999999999933E-003
   2.6410000000000045E-003
   2.6100000000000012E-003
   2.6160000000000072E-003
   2.6030000000000081E-003
   2.6180000000000092E-003
   2.6039999999999952E-003
   2.6090000000000002E-003
   2.6149999999999923E-003
   2.5930000000000120E-003
   2.6259999999999895E-003
   2.6049999999999962E-003
   2.6010000000000200E-003
   2.6079999999999992E-003
   2.6050000000000240E-003
   2.5970000000000160E-003
   2.9750000000000054E-003
   2.7510000000000034E-003
   2.6259999999999895E-003
   2.6380000000000015E-003
   2.6229999999999865E-003
   2.6139999999999775E-003
   2.6209999999999845E-003
   2.6209999999999845E-003
   2.6549999999999907E-003
   2.6289999999999925E-003
   2.6069999999999982E-003
   2.6020000000000210E-003
   2.6559999999999917E-003
   2.6480000000000115E-003
   2.6060000000000250E-003
   2.5950000000000140E-003
   2.6339999999999975E-003
   2.6069999999999982E-003
   2.6039999999999952E-003
   2.6110000000000022E-003
   3.1869999999999954E-003
   2.6140000000000052E-003
   2.6470000000000105E-003
   2.6289999999999925E-003
   2.6120000000000032E-003
   2.8650000000000064E-003
   2.6569999999999927E-003
   2.5999999999999912E-003
   2.6160000000000072E-003
   2.6409999999999767E-003
   2.6030000000000220E-003
   2.6140000000000052E-003
   2.6170000000000082E-003
   2.5959999999999872E-003
   2.6270000000000182E-003
   2.6090000000000002E-003
   2.5910000000000100E-003
   2.6529999999999887E-003
   2.6329999999999965E-003
   2.7959999999999929E-003
   2.6120000000000032E-003
   2.6279999999999637E-003
   2.5990000000000180E-003
   2.5909999999999545E-003
   2.6130000000000320E-003
   2.6370000000000005E-003
   2.6240000000000152E-003
   2.6180000000000092E-003
