   1.8199999999999987E-004
   2.8000000000000030E-005
   1.6999999999999871E-005
   1.4999999999999823E-005
   1.5000000000000039E-005
   1.4999999999999823E-005
   1.4999999999999823E-005
   1.4000000000000123E-005
   1.4999999999999823E-005
   1.5000000000000256E-005
   1.4999999999999823E-005
   1.4999999999999823E-005
   1.5999999999999955E-005
   1.5000000000000256E-005
   1.4999999999999823E-005
   1.4999999999999823E-005
   1.5000000000000256E-005
   1.4999999999999823E-005
   1.4999999999999823E-005
   1.5000000000000256E-005
   1.4999999999999823E-005
   2.4999999999999849E-005
   1.5999999999999955E-005
   1.4999999999999823E-005
   1.5000000000000256E-005
   1.7000000000000088E-005
   1.4999999999999823E-005
   1.4999999999999823E-005
   1.5000000000000256E-005
   1.7999999999999787E-005
   2.4000000000000150E-005
   2.4000000000000150E-005
   3.1999999999999910E-005
   1.8999999999999920E-005
   2.0000000000000052E-005
   1.9999999999999619E-005
   1.8999999999999920E-005
   2.0000000000000052E-005
   1.8000000000000221E-005
   1.9000000000000353E-005
   1.8999999999999920E-005
   2.2000000000000318E-005
   1.8999999999999920E-005
   1.8000000000000221E-005
   2.0000000000000052E-005
   2.0000000000000052E-005
   2.0999999999999752E-005
   2.0999999999999752E-005
   2.1999999999999884E-005
   2.1999999999999884E-005
   2.1999999999999884E-005
   2.0000000000000052E-005
   2.1000000000000185E-005
   2.1000000000000185E-005
   2.0000000000000052E-005
   2.1000000000000185E-005
   2.0000000000000052E-005
   2.0999999999999752E-005
   2.0000000000000052E-005
   2.1000000000000185E-005
   2.7000000000000114E-005
   2.0999999999999752E-005
   1.8000000000000221E-005
   1.7999999999999787E-005
   1.8000000000000221E-005
   1.6999999999999654E-005
   1.6999999999999654E-005
   1.8999999999999920E-005
   1.8000000000000654E-005
   1.7999999999999787E-005
   2.2000000000000318E-005
   1.2999999999999991E-005
   1.1999999999999858E-005
   1.0999999999999725E-005
   1.1999999999999858E-005
   1.1999999999999858E-005
   1.1999999999999858E-005
   1.1999999999999858E-005
   1.1999999999999858E-005
   1.1999999999999858E-005
   1.1999999999999858E-005
   2.2000000000000318E-005
   1.2999999999999991E-005
   1.1999999999999858E-005
   1.1999999999999858E-005
   1.5000000000000256E-005
   1.2999999999999991E-005
   1.1999999999999858E-005
   1.1999999999999858E-005
   1.1999999999999858E-005
   1.1999999999999858E-005
   1.2999999999999991E-005
   1.1999999999999858E-005
   1.1999999999999858E-005
   1.1999999999999858E-005
   1.0999999999999725E-005
   1.0999999999999725E-005
   1.1000000000000593E-005
   1.1999999999999858E-005
   1.1999999999999858E-005
   1.0999999999999725E-005
