   4.7079999999999995E-003
   3.8669999999999989E-003
   2.8859999999999997E-003
   2.7669999999999986E-003
   3.2970000000000013E-003
   5.1380000000000002E-003
   3.1459999999999995E-003
   4.2360000000000002E-003
   4.4059999999999933E-003
   3.9440000000000031E-003
   3.1460000000000030E-003
   3.0260000000000009E-003
   3.0620000000000022E-003
   3.8230000000000000E-003
   2.9199999999999990E-003
   3.4590000000000037E-003
   4.3249999999999955E-003
   3.6460000000000103E-003
   3.4280000000000005E-003
   3.7240000000000051E-003
   2.6679999999999898E-003
   2.7259999999999923E-003
   4.0209999999999968E-003
   4.2389999999999928E-003
   2.9069999999999929E-003
   2.8829999999999967E-003
   3.5200000000000092E-003
   3.3310000000000006E-003
   3.2060000000000005E-003
   3.5319999999999935E-003
   4.0459999999999940E-003
   4.0540000000000020E-003
   3.8580000000000003E-003
   3.5340000000000094E-003
   3.9929999999999966E-003
   4.1430000000000078E-003
