   5.7100000000000011E-004
   3.3999999999999959E-004
   3.2800000000000017E-004
   3.3599999999999993E-004
   3.3000000000000000E-004
   3.2799999999999973E-004
   3.3900000000000033E-004
   3.2899999999999943E-004
   3.3099999999999970E-004
   3.3100000000000056E-004
   3.2900000000000030E-004
   3.3799999999999976E-004
   3.3100000000000056E-004
   3.2800000000000017E-004
   3.3699999999999963E-004
   3.3299999999999996E-004
   3.4100000000000016E-004
   3.2999999999999956E-004
   3.3000000000000043E-004
   3.2999999999999870E-004
   3.2899999999999943E-004
   3.3399999999999923E-004
   3.2800000000000017E-004
   3.2899999999999943E-004
   3.2900000000000117E-004
   3.2599999999999990E-004
   3.4400000000000056E-004
   3.2499999999999890E-004
   3.2500000000000064E-004
   3.5499999999999941E-004
   3.3100000000000143E-004
   3.4400000000000056E-004
   3.2700000000000090E-004
   3.2699999999999917E-004
   3.2599999999999990E-004
   3.2700000000000090E-004
