   2.1199999999999995E-004
   7.3000000000000148E-005
   6.3000000000000122E-005
   6.1999999999999989E-005
   6.2000000000000206E-005
   6.9000000000000051E-005
   5.9000000000000025E-005
   5.8000000000000326E-005
   5.8000000000000326E-005
   5.8000000000000326E-005
   5.8000000000000326E-005
   6.4999999999999954E-005
   5.7999999999999892E-005
   5.9000000000000025E-005
   6.0000000000000157E-005
   5.9000000000000025E-005
   5.8000000000000326E-005
   5.9000000000000025E-005
   6.6000000000000086E-005
   5.3000000000000096E-005
   5.0999999999999830E-005
   5.9000000000000025E-005
   5.3000000000000096E-005
   5.1999999999999963E-005
   5.9999999999999724E-005
   5.3000000000000096E-005
   5.3000000000000096E-005
   6.1999999999999989E-005
   5.1999999999999963E-005
   5.1999999999999963E-005
   5.1999999999999963E-005
   5.7999999999999892E-005
   5.1999999999999963E-005
   5.1000000000000698E-005
   5.1000000000000698E-005
   5.1000000000000698E-005
