   2.2699999999999999E-004
   6.7000000000000002E-005
   6.7000000000000002E-005
   6.2999999999999905E-005
   6.4000000000000038E-005
   6.7999999999999918E-005
   5.5999999999999626E-005
   5.6000000000000060E-005
   5.6000000000000060E-005
   5.5000000000000361E-005
   5.6000000000000060E-005
   5.7999999999999892E-005
   5.6999999999999759E-005
   5.4999999999999927E-005
   5.4999999999999927E-005
   5.6000000000000060E-005
   5.5000000000000361E-005
   5.6000000000000060E-005
   5.6000000000000060E-005
   6.1999999999999989E-005
   5.1000000000000264E-005
   5.3000000000000096E-005
   5.1999999999999963E-005
   5.1000000000000264E-005
   5.1999999999999963E-005
   5.0999999999999830E-005
   5.1000000000000264E-005
   5.1999999999999963E-005
   5.0999999999999830E-005
   5.2000000000000397E-005
   5.0999999999999830E-005
   5.3000000000000096E-005
   5.0999999999999830E-005
   5.0999999999999830E-005
   5.0000000000000565E-005
   4.9999999999999697E-005
   5.0999999999999830E-005
   5.2000000000000830E-005
   5.0999999999999830E-005
   5.0999999999999830E-005
   5.1999999999999963E-005
   5.3000000000000096E-005
   5.0999999999999830E-005
   5.0999999999999830E-005
   5.0999999999999830E-005
   5.0999999999999830E-005
   7.0000000000000617E-005
   5.4999999999999494E-005
   5.9000000000000025E-005
   5.1999999999999963E-005
   5.0999999999999830E-005
   5.4000000000000228E-005
   5.2999999999999228E-005
   5.1999999999999963E-005
   5.1999999999999963E-005
   5.0999999999999830E-005
   5.1999999999999963E-005
   5.1999999999999963E-005
   5.3000000000000096E-005
   5.2999999999999228E-005
   5.2999999999999228E-005
   5.5000000000000361E-005
   5.1999999999999963E-005
   5.1999999999999963E-005
   5.1999999999999963E-005
   5.1999999999999963E-005
   5.1999999999999963E-005
   5.0999999999999830E-005
   5.3000000000000096E-005
   5.1999999999999963E-005
   5.1999999999999963E-005
   5.3000000000000096E-005
   5.3000000000000096E-005
   5.1999999999999963E-005
   5.3000000000000096E-005
   5.3000000000000096E-005
   5.1999999999999963E-005
   5.0999999999999830E-005
   5.1999999999999963E-005
   5.1999999999999963E-005
   5.1999999999999963E-005
   5.2999999999999228E-005
   5.0999999999999830E-005
   5.1999999999999963E-005
   5.1999999999999963E-005
   5.3000000000000096E-005
   5.1999999999999963E-005
   5.0999999999999830E-005
   5.3000000000000096E-005
   5.0999999999999830E-005
   5.5999999999999626E-005
   5.3000000000000096E-005
   5.1999999999999963E-005
   5.1999999999999963E-005
   5.0999999999998963E-005
   5.0999999999998963E-005
   5.1999999999999963E-005
   5.0999999999998963E-005
   5.0999999999998963E-005
   5.1999999999999963E-005
   5.1999999999999963E-005
