   3.1100000000000008E-004
   1.2999999999999991E-005
   4.9999999999997963E-006
   3.9999999999996635E-006
   4.0000000000000972E-006
   4.0000000000000972E-006
   2.9999999999999645E-006
   2.9999999999999645E-006
   2.9999999999999645E-006
   2.9999999999999645E-006
   2.9999999999999645E-006
   4.0000000000000972E-006
   4.0000000000000972E-006
   4.0000000000000972E-006
   4.0000000000000972E-006
   3.9999999999996635E-006
   2.9999999999999645E-006
   2.9999999999999645E-006
   2.9999999999999645E-006
   3.0000000000003982E-006
   4.0000000000000972E-006
   3.9999999999996635E-006
   4.0000000000000972E-006
   3.0000000000003982E-006
   4.0000000000000972E-006
   2.9999999999999645E-006
   2.9999999999999645E-006
   2.9999999999999645E-006
   2.9999999999999645E-006
   3.0000000000003982E-006
   2.9999999999999645E-006
   2.9999999999999645E-006
   2.9999999999999645E-006
   3.9999999999996635E-006
   4.0000000000000972E-006
   3.0000000000003982E-006
   2.9999999999999645E-006
   2.9999999999999645E-006
   2.9999999999999645E-006
   2.9999999999999645E-006
   2.9999999999999645E-006
   7.9999999999997608E-006
   4.9999999999997963E-006
   2.9999999999999645E-006
   2.9999999999999645E-006
   2.9999999999999645E-006
   2.9999999999999645E-006
   2.9999999999999645E-006
   3.0000000000003982E-006
   2.9999999999999645E-006
   3.9999999999996635E-006
   4.0000000000000972E-006
   3.9999999999996635E-006
   2.9999999999999645E-006
   3.0000000000003982E-006
   2.9999999999999645E-006
   2.9999999999999645E-006
   2.9999999999999645E-006
   2.9999999999999645E-006
   2.9999999999999645E-006
   2.9999999999999645E-006
   2.9999999999999645E-006
   4.0000000000000972E-006
   4.0000000000000972E-006
   2.9999999999999645E-006
   2.9999999999999645E-006
   2.9999999999999645E-006
   2.9999999999999645E-006
   2.9999999999999645E-006
   2.9999999999999645E-006
   2.9999999999999645E-006
   3.0000000000003982E-006
   4.0000000000000972E-006
   2.9999999999999645E-006
   4.0000000000000972E-006
   2.9999999999999645E-006
   3.9999999999996635E-006
   4.0000000000000972E-006
   4.0000000000000972E-006
   4.0000000000000972E-006
   4.0000000000000972E-006
   1.2999999999999991E-005
   9.0000000000003272E-006
   2.9999999999999645E-006
   4.0000000000000972E-006
   3.9999999999996635E-006
   2.9999999999999645E-006
   2.9999999999999645E-006
   4.0000000000000972E-006
   2.9999999999999645E-006
   4.0000000000000972E-006
   2.9999999999999645E-006
   2.9999999999999645E-006
   3.0000000000003982E-006
   2.9999999999999645E-006
   2.9999999999999645E-006
   2.9999999999999645E-006
   4.0000000000000972E-006
   2.9999999999999645E-006
   4.0000000000000972E-006
   2.9999999999999645E-006
